import numpy as np
import pandas as pd
import sys

def get_preprocessed_data(filename):
    train_fea = []
    i = 0
    with open(filename) as f:
        for line in f.readlines():
            if(i == 0):
                features = line.split(',')
                i = 1
            else:
                train_fea.append(line.split(','))
    return np.array(features), np.array(train_fea).astype(np.float64)
def output_result(filename,predict_value):
    id_ = []
    for i in range(predict_value.shape[0]):
        id_.append(str(i+1))
    output = pd.DataFrame(columns=['id','label'])
    output['id'] = id_
    output['label'] = predict_value
    output.to_csv(filename,index = False)
    
def probability(p_1,p_0,u_1,u_0,sigama,X_test):
    dim = X_test.shape[1]
    pre = []
    test = []
    for x in X_test:
        temp_1 = (x - u_1).reshape((-1,1))
        p_x_1 = (1/(np.linalg.det(sigama)*(2*np.pi)**dim)**0.5)*np.exp(-1*0.5*(temp_1.T.dot(np.linalg.inv(sigama)).dot(temp_1)))
        temp_0 = (x - u_0).reshape((-1,1))
        p_x_0 = (1/(np.linalg.det(sigama)*(2*np.pi)**dim)**0.5)*np.exp(-1*0.5*(temp_0.T.dot(np.linalg.inv(sigama)).dot(temp_0)))
        test.append(p_x_1*p_1 + p_x_0*p_0)
        pro = p_x_1*p_1/(p_x_1*p_1 + p_x_0*p_0+1e-8)
        if(pro > 0.5):
            pre.append(1)
        else:
            pre.append(0)
    return np.array(pre),test
def get_u_and_sigama(X,Y):
    num_1 = np.sum(Y == 1)
    num_0 = np.sum(Y == 0)
    p_1 = num_1/X.shape[0]
    p_0 = num_0/X.shape[0]
    sum_1 = np.zeros((X.shape[1]))
    sum_0 = np.zeros((X.shape[1]))
    
    for i,x in enumerate(X):
        if(Y[i] == 1):
            sum_1 += x
        else:
            sum_0 += x
            
    u_1 = sum_1/num_1
    u_0 = sum_0/num_0
    s_sum_1 = np.zeros((X.shape[1],X.shape[1]))
    s_sum_0 = np.zeros((X.shape[1],X.shape[1]))
    
    for i,x in enumerate(X):
        if(Y[i] == 0):
            temp = (x-u_1).reshape((-1,1))
            s_sum_1 += temp.dot(temp.T)
        else:
            temp = (x-u_0).reshape((-1,1))
            s_sum_0 += temp.dot(temp.reshape((-1,1)).T)
            
    sigama_1 = s_sum_1/num_1
    sigama_0 = s_sum_0/num_0
    sigama = num_1/X.shape[0]*sigama_1 + num_0/X.shape[0]*sigama_0

    return p_1,p_0,u_1, u_0, sigama

if __name__ == '__main__':
    test_file = sys.argv[5]
    output_file = sys.argv[6]
    
    features_X_test, test_fea_X = get_preprocessed_data(test_file)
    sigama = np.array([[  2.31607480e+02  -1.24598754e+05   2.02011010e+00   3.13590834e+04
    1.18305129e+03   5.20475629e+01   2.61504204e-01   3.19529825e-01
   -5.59952795e-03  -1.75847769e+00   6.16900296e-01   6.13407933e-01
    7.54964716e-02   5.02058933e-04  -1.23263574e-01  -1.99733963e-01
   -4.53175462e-01  -1.60570005e-01   3.69782011e-03  -2.17698158e-02
    7.72594724e-02  -6.00600357e-02  -3.10728330e-02   2.77112137e-02
    1.00784594e+00   3.27376253e-01  -7.48325909e-01   8.47002053e-01
   -6.03543111e-03   4.00433841e-01  -1.01058314e+00  -1.34673886e-02
    2.61323724e-04   5.30856705e+00  -4.26791890e-02  -5.55565277e+00
   -1.61018000e-01   4.63988975e-01  -5.98083327e-01  -3.50695383e-03
   -2.89865774e-03   1.46150014e+00  -4.71884113e-02  -5.19937378e-01
   -2.91152260e-01  -1.04036741e+00  -2.13664972e-02   1.12968223e+00
    6.34951975e-02  -3.09811863e-02   1.65795501e-02   1.30880668e-02
   -1.28863102e-01   4.93120569e+00  -1.23251780e+00  -3.67418458e-01
   -3.32287833e+00  -4.45857436e-01   4.37466338e-01  -5.33092602e-02
   -1.95372027e-04  -4.52462352e-01  -8.39095113e-02   5.89876495e-01
    2.02278733e-03   2.48377054e-02   1.10897998e-02  -1.04640273e-02
    2.31441348e-02  -1.70608259e-02  -4.47822339e-03  -3.14228719e-02
    1.56490340e-02   5.48341600e-03   1.41185424e-02   7.83317533e-03
   -2.48283832e-02  -7.17741950e-03  -4.48942993e-04  -4.07426230e-03
   -1.81586641e-03   4.17931539e-03   1.48057979e-02   8.94098089e-03
   -2.36389942e-03   2.51894259e-02  -1.71781254e-02   8.64896303e-03
   -4.52626907e-03  -2.29357416e-01  -1.15250874e-02  -3.39831268e-03
   -8.76552542e-03   1.88981965e-02   5.84707140e-03  -3.08275934e-03
   -9.09023921e-03   7.89309951e-04  -2.93248603e-03   4.58455196e-04
   -3.37850421e-03  -1.04412886e-03   2.16555395e-01  -2.07163889e-02
    2.31398621e-03   8.32447211e-03]
 [ -1.24598754e+05   1.11449144e+10   8.80126610e+02  -7.02641704e+06
   -7.06799715e+05  -3.71205373e+04  -1.79193633e+02  -1.09421744e+02
    8.32524902e+00   2.24226002e+03  -5.86155775e+02  -1.14172582e+03
   -2.37864801e+02  -5.58803886e+00   9.36454484e+00   2.54290786e+02
    2.57324334e+02   1.46780563e+02   2.66573280e+02   4.56966939e+02
    3.34479504e+00   2.31616971e+02   1.16884505e+02  -3.41899061e+02
   -5.81957730e+02  -1.05292052e+02   1.96479402e+02  -6.99710742e+02
    7.61613547e+01  -1.63949089e+02  -1.13614254e+02  -3.47860421e+02
   -2.56980959e+00  -2.37623464e+03   6.45519841e+01   2.50640940e+03
    5.82618683e+02  -4.26915202e+02   3.90787955e+02   7.46338566e+00
    3.14990212e+02  -9.86953985e+02  -5.58096284e+02   6.93036596e+02
    3.97988521e+02   9.21129650e+01   6.30273016e+01  -8.46260277e+02
    2.26851037e+02   9.07876361e+01   4.70305623e+01   4.95445797e+01
    1.76897939e+01  -1.97432586e+03   7.12014271e+02   5.24286897e+02
    8.98592324e+02   3.39066103e+02  -4.99633739e+02  -6.46064836e+02
   -9.60375758e+02   3.78549048e+03   7.40476580e+01  -2.25309754e+03
    1.14930949e+00  -4.00462718e+01  -2.53378731e+01   6.80062738e+01
    1.64201531e+02   9.73254481e+00  -2.49105218e+00   2.15647360e+02
   -2.31329323e+01   4.15405016e-01  -5.43637499e+00  -4.15732353e+01
    1.52152265e+02   2.81155847e+01  -4.89487672e+00   2.69590300e+01
    1.96286219e+01  -3.66714673e+00  -7.03337713e+01  -1.24444260e+01
   -3.79165504e+01  -2.05235767e+01   5.87136063e+01  -1.06670962e+01
    1.25398053e+01   2.01276545e+03   1.11411176e+02   7.40554242e+00
    8.24689521e+01  -1.48164806e+02  -1.00394800e+01  -4.51931107e+01
    4.96199786e+01  -7.71287380e+00  -6.35618995e+01  -7.70174579e+00
   -2.67425354e+00   1.42665926e+01  -2.47418986e+03  -5.09466932e+01
    1.21787378e+01   6.12721374e+01]
 [  2.02011010e+00   8.80126610e+02   2.67526608e-01   9.17608122e+02
    3.61898661e+01   2.62031924e+00   4.64048145e-03  -6.94718082e-04
   -4.53041653e-05  -2.38939169e-02   1.87167670e-02   1.72180688e-02
   -5.12274128e-04  -1.21319918e-04  -1.53077840e-02  -4.88870961e-03
   -8.60419071e-03  -2.34875442e-03  -8.30124375e-04  -1.29096259e-03
   -2.12128356e-03  -2.35798687e-03  -1.82684895e-03  -3.95670251e-04
    3.50700021e-02   8.29319833e-03  -2.52839145e-02   1.87939296e-02
   -3.73946901e-04   1.23014436e-02  -2.41361808e-02  -5.67248345e-02
   -5.07457356e-05   2.01925565e-01  -4.22407659e-03  -1.05783153e-01
   -1.48654516e-02  -2.02773038e-02  -5.26929801e-02   5.33498439e-05
    3.29298584e-02   3.79749049e-02   4.04456752e-03   9.23804761e-04
   -4.12498563e-03  -4.32237292e-02  -3.95460380e-03   2.36558118e-02
    6.04434183e-03   1.68694822e-03   6.82276709e-04   1.13535230e-02
   -1.53530882e-02   2.23426150e-01  -7.19560030e-02  -9.73987864e-03
   -5.50914489e-02  -6.64610572e-02  -2.01777627e-02  -1.76401983e-03
    7.70923503e-04  -2.79368039e-02  -1.90789202e-03   3.08377922e-02
    1.79994655e-04   3.53267396e-04   1.80268395e-04  -5.35967070e-04
   -1.94070439e-04  -8.48464660e-04  -8.14266372e-05  -5.37189076e-04
    2.03235697e-04   8.97445391e-05  -9.17054759e-05   1.74224040e-04
   -3.68981739e-04  -3.82410649e-04  -2.84088718e-05  -1.52420406e-04
    5.75372057e-05  -5.64580126e-05   1.19746022e-03   4.40581326e-04
    3.41107799e-06   3.38789979e-04  -8.07824264e-04   3.11546291e-04
   -1.38993012e-04  -1.92660731e-03  -2.24995911e-04  -1.82743093e-04
   -2.93327233e-04   2.04141391e-04  -5.38523877e-05  -1.52836959e-04
   -9.42988129e-04  -2.80491408e-05  -2.15123925e-04   3.09272744e-04
   -1.98502372e-04  -2.28825059e-04   3.77739002e-03  -3.88957548e-04
    1.40461105e-04   1.09980329e-03]
 [  3.13590834e+04  -7.02641704e+06   9.17608122e+02   6.67000545e+07
    3.53081106e+05   2.80576474e+04   6.68339365e+01   4.71373182e+01
   -1.12428196e+00  -3.97384259e+02   3.17233908e+02   1.22448677e+02
    6.42168225e+00  -2.03880378e+00  -1.59528177e+02  -1.05427347e+02
   -1.49185031e+02  -4.82926137e+01  -2.31561412e+01  -4.32110914e+01
   -7.79327554e+01  -6.28570212e+01  -1.00623627e+01  -4.56554015e-01
    6.04847964e+02   1.56206908e+02  -6.13604753e+02   3.66684153e+02
   -6.78405363e+00   3.15707720e+02  -3.02477020e+02  -3.69033007e+02
    1.90682165e+00   1.95000411e+03  -4.07362693e+01  -1.33226107e+03
   -1.12818782e+02  -9.70618045e+01  -2.79612458e+02  -9.15977384e-01
   -8.46508002e+01   6.71623850e+02  -8.07495551e+01  -1.63661282e+02
   -1.68953312e+02  -4.37311534e+02  -2.21210048e+01   6.66148928e+02
    2.16071022e+01   8.22425768e+01   2.00052495e+01  -6.29993242e+01
   -1.60652459e+02   1.74211607e+03  -6.91011421e+02  -1.29543884e+02
   -7.54274560e+02  -3.89873940e+02   2.22587731e+02  -2.49151197e+01
    2.64475894e+01  -2.38304127e+02  -2.25085431e+01   2.59280200e+02
    1.25484009e+00   6.80708395e+00  -6.11179573e-01  -8.08977215e+00
   -9.48477316e-01  -7.01051956e+00  -1.92531359e+00  -1.03894292e+01
    3.82091534e+00   2.18380500e+00   5.02786831e+00   7.21968939e-01
   -8.23686309e+00  -4.94880321e+00  -1.60611709e-01  -1.55842422e+00
   -3.50662080e-02  -2.13259081e-01   1.61912305e+01   5.32536320e+00
   -9.67889906e-01   2.88451039e+00  -6.53230231e+00   7.59906140e+00
   -1.74335184e+00  -7.89459520e+01  -4.19308758e+00  -2.24856392e+00
   -3.86367407e+00   6.69252814e+00  -2.02144094e+00  -3.56500833e+00
   -1.08448679e+01  -1.79731922e-01   2.17319756e-01   5.76225086e+00
   -1.30242677e+00  -1.99256648e+00   8.79959674e+01  -6.75404965e+00
    7.78014207e-01   1.60199049e+01]
 [  1.18305129e+03  -7.06799715e+05   3.61898661e+01   3.53081106e+05
    1.78816765e+05   1.03884786e+03   3.45892788e+00   3.64978887e+00
   -5.15950425e-02  -1.48688215e+01   9.20424069e+00   4.47175955e+00
    6.25971354e-01  -1.03190085e-01  -6.38708175e+00  -4.04065500e+00
   -5.68500548e+00  -2.11886232e+00  -8.72090742e-01  -1.44485585e+00
   -2.67968572e+00  -2.80500100e+00   3.57272390e-01  -6.83297613e-02
    2.32450991e+01   6.24877674e+00  -2.20556383e+01   1.47977881e+01
   -2.71763745e-01   8.08184373e+00  -1.06888921e+01  -1.49168629e+01
    2.52115976e-02   7.62491134e+01  -1.67710508e+00  -5.20056269e+01
   -4.44044219e+00  -3.23428793e+00  -1.08754484e+01   1.10900990e-02
   -9.84801998e-01   2.56923353e+01  -3.16148273e+00  -6.50301950e+00
   -6.09374134e+00  -1.77478451e+01  -9.80609283e-01   2.29966155e+01
    8.86724183e-01   3.25885785e+00   1.48307597e+00  -1.54307378e+00
   -6.43867680e+00   6.83114023e+01  -2.53151064e+01  -4.96360205e+00
   -2.99001925e+01  -1.67658930e+01   8.63339171e+00  -1.26480317e+00
    8.18895223e-01  -9.69623738e+00  -1.00234303e+00   1.11444884e+01
    1.03087931e-01   3.50469262e-01   2.50173119e-01  -3.46724905e-01
   -9.01811630e-03  -4.22888975e-01  -1.28484904e-01  -5.04745193e-01
    1.49589569e-01   1.99349086e-02   1.75151130e-01   2.05176524e-01
   -3.64350383e-01  -1.47371560e-01   6.03483300e-02  -1.79321087e-02
    3.01453008e-02   1.38290130e-02   4.44570963e-01   2.01058010e-01
   -2.15754401e-02   9.49963688e-03  -4.02290183e-01   1.19935168e-01
   -9.37253333e-02  -3.60808517e+00  -1.06408249e-01  -1.03190085e-01
   -1.32789684e-01   3.30232314e-01  -1.45567957e-01  -1.94821387e-01
   -4.13216167e-01  -3.00271945e-02   1.38188293e-01   2.56068288e-01
   -7.42515167e-02   2.86911151e-02   3.93566087e+00  -2.16837106e-01
   -1.08862624e-03   6.63580498e-01]
 [  5.20475629e+01  -3.71205373e+04   2.62031924e+00   2.80576474e+04
    1.03884786e+03   1.88405519e+02   1.55077181e-01   1.37930911e-01
   -4.11653033e-03  -5.76208072e-01   6.08889295e-01   4.13010002e-01
   -1.92311328e-02  -6.39036540e-03  -7.08961288e-01  -2.45112126e-01
   -4.37978030e-01  -1.26821234e-01  -4.26287286e-02  -7.41914109e-02
   -1.26463355e-01  -1.25888082e-01   9.52312590e-03   7.54748499e-02
    1.20608142e+00   2.70966342e-01  -7.32876417e-01   6.75259925e-01
   -1.71193213e-02   3.82472304e-01  -6.90699258e-01  -4.42194888e-01
    4.55170890e-03   4.11918200e+00  -7.05483522e-02  -3.04281402e+00
   -2.00410936e-01  -3.67765521e-01  -6.98336994e-01  -9.99491807e-04
    1.82119037e-01   1.46859679e+00   8.67922083e-02  -3.26852955e-01
   -1.91764394e-01  -1.17816316e+00  -6.63158789e-02   1.03275972e+00
    9.83155715e-02   1.33257114e-01   2.55499261e-02   1.48120324e-01
   -7.13077819e-01   3.98789922e+00  -1.00122147e+00  -2.84787937e-01
   -2.16591520e+00  -6.98314536e-01   1.62339924e-01  -3.91296495e-02
    1.35855969e-02  -5.25892751e-01  -4.47206476e-02   5.96157451e-01
    2.47451574e-03   8.85890445e-03  -4.33997406e-03  -1.35973116e-02
   -1.80011369e-03  -9.15475667e-03  -3.24199382e-03  -2.69132622e-02
    1.14403596e-02   8.69267416e-03   1.24524064e-02   4.31348387e-03
   -1.36660081e-02  -1.07734118e-02  -2.32698820e-04  -3.58871281e-03
    1.36200046e-03  -2.04406100e-03   1.78501128e-02   1.16351371e-02
    7.49140635e-04   9.36944308e-03  -1.32444449e-02   1.44582999e-02
   -2.18325314e-03  -1.12852078e-01  -1.00832102e-02  -2.45928221e-03
   -9.78436433e-03   7.01091758e-03  -6.10675137e-03  -2.81793302e-03
   -2.06073177e-02   3.99872117e-04   1.87987956e-03   4.59236066e-03
    1.55274096e-03  -4.13580086e-03   1.42696098e-01  -1.65048433e-02
    3.98193306e-03   2.43613031e-02]
 [  2.61504204e-01  -1.79193633e+02   4.64048145e-03   6.68339365e+01
    3.45892788e+00   1.55077181e-01   2.90647165e-02  -1.53084339e-03
   -1.17736086e-05  -2.21706190e-02   1.28538057e-04  -1.93934168e-03
   -1.04494406e-03  -2.35472171e-05  -2.47218560e-03  -1.18507042e-03
   -1.50641496e-03  -4.68318073e-04  -2.63220101e-04  -4.77785112e-04
   -8.96136002e-04  -6.85325223e-04   7.48973602e-04   6.60830419e-06
    4.66547714e-03   7.83414233e-04  -4.18404805e-03   2.25190304e-03
   -8.57791480e-05   1.28576483e-03   9.95593458e-06  -8.20425569e-04
    8.56942231e-05   1.08541647e-02  -2.55594970e-04  -8.86068070e-03
   -7.12679855e-04  -2.90477838e-04   5.02942370e-03   2.64491208e-04
   -1.93326338e-03   5.03495465e-03  -1.05535171e-03  -1.32059698e-03
   -2.13118546e-03  -4.02535499e-03  -2.47385250e-04   4.40547135e-03
    4.48694823e-04  -2.53953132e-03   1.44005398e-03  -8.86461425e-04
   -2.48395921e-03   1.00674852e-02  -2.63991134e-03  -8.85740359e-04
   -6.34251502e-03  -1.22339627e-03   1.02407777e-03   1.76514582e-04
    4.93709165e-04   1.18371453e-03  -1.60215297e-04  -1.69372298e-03
    2.13255721e-05  -1.63397783e-05  -3.09458696e-05  -3.13626908e-05
   -1.77510765e-05  -1.11287251e-04  -3.41967644e-05  -8.78431404e-05
    6.82039061e-05   2.06282185e-05   6.50059661e-05  -2.29810387e-05
   -6.72595812e-05  -6.11078697e-05  -1.68194408e-06  -1.86408556e-05
   -1.42923769e-05  -1.21920207e-05   2.22054648e-05   4.71390935e-05
   -2.42445707e-05  -1.14598942e-05  -1.03993296e-04   6.52402482e-05
    6.88542895e-06  -9.44372680e-04  -2.00256763e-05  -2.35472171e-05
   -4.56914316e-05   2.32203586e-04  -3.15120479e-05  -1.86226737e-05
    9.26440842e-05  -1.05100766e-05  -5.22532597e-05  -2.12907992e-05
   -2.06017411e-05  -2.55081026e-05   1.27045521e-03  -3.51449911e-05
   -7.56460060e-06   1.22885359e-05]
 [  3.19529825e-01  -1.09421744e+02  -6.94718082e-04   4.71373182e+01
    3.64978887e+00   1.37930911e-01  -1.53084339e-03   6.04419049e-02
   -1.82109044e-05  -4.61137039e-02  -1.28269808e-03  -4.72415372e-03
   -2.45706948e-03  -3.64218087e-05  -4.27880361e-03  -1.31365125e-03
   -1.79488136e-03  -4.56971823e-04  -2.98582168e-04  -5.48225950e-04
   -7.16460621e-04  -5.60484839e-04   6.17223319e-04  -1.35595606e-05
    6.50497010e-03   5.52062040e-04  -7.50676491e-03   8.51958327e-03
   -9.83309618e-06   4.94278445e-04  -3.46870160e-03   9.80215551e-04
   -3.37805170e-05   9.89323942e-03  -3.23208162e-04  -1.02359845e-02
   -5.59801643e-04   2.79319810e-04   2.04510776e-04  -2.08084887e-05
   -3.75935506e-03   1.12203117e-03  -1.39567630e-03  -1.89661385e-03
   -4.18839681e-03  -2.28783869e-03  -3.85026576e-04   1.57249025e-02
    8.19767868e-03  -6.71946760e-03  -5.09839964e-04   2.10914779e-04
   -4.29701451e-03   7.47843545e-03  -3.34415391e-03  -1.13512525e-03
   -6.40713287e-03   8.16513974e-04   2.59146261e-03   3.90331806e-04
   -7.86140007e-04   1.72601129e-03  -3.32768001e-04  -9.97435089e-04
   -3.11908794e-05  -2.89032496e-05  -5.08714468e-05  -1.48280846e-04
   -5.91633589e-05  -8.47632189e-05  -3.17099053e-05  -9.87574054e-05
   -2.41632673e-06   4.79559612e-05   3.46342444e-05  -2.38893385e-05
   -6.65483411e-05   1.87999328e-05  -2.60155777e-06  -5.03132324e-07
   -5.68638088e-06  -2.60036575e-05  -9.45113552e-05  -3.54424808e-06
   -4.94097306e-05  -6.33522629e-05  -6.18245176e-05  -6.80522462e-05
   -1.09053900e-05  -1.03401054e-03  -2.18187268e-05  -5.71022125e-06
   -4.47256410e-05  -4.90551621e-05  -3.26923296e-05  -5.51239252e-05
   -5.03300991e-05  -2.34020997e-05  -1.66436123e-04  -1.91456479e-05
   -3.90114463e-05  -1.35069478e-05   2.86868902e-03  -6.91419521e-05
    4.71985019e-06  -3.37799354e-04]
 [ -5.59952795e-03   8.32524902e+00  -4.53041653e-05  -1.12428196e+00
   -5.15950425e-02  -4.11653033e-03  -1.17736086e-05  -1.82109044e-05
    2.15000422e-04  -1.30318137e-04  -2.11003339e-05  -2.11344724e-05
   -1.01415226e-05   3.86191635e-08  -2.36006241e-06   6.15867576e-05
    3.16204754e-05  -8.83642609e-08   2.30193631e-07   2.96620841e-07
    3.09386772e-05   3.68311515e-07  -7.35793930e-06  -1.02207894e-05
   -7.15644849e-05  -1.07557875e-05  -5.43309030e-06  -3.25260245e-05
    1.40684096e-07  -1.48542586e-05   2.76190186e-05   2.49695847e-05
   -3.25281449e-07  -1.88113195e-04  -1.68614658e-07   1.63940611e-04
    2.61874835e-07  -5.64979252e-07  -9.30888089e-06  -1.40461166e-08
   -2.48056191e-05  -6.52854079e-05  -1.72840239e-06   4.36106929e-07
   -4.19564006e-06   3.76373310e-06   3.72145518e-07  -6.08441514e-05
   -6.41187021e-06  -2.81433178e-05  -8.44108141e-06  -8.03392781e-06
    2.12640360e-04  -1.93655723e-04   2.03459772e-05   1.26780925e-06
    1.64933602e-04   1.03157790e-06   6.07675610e-06  -5.41520851e-07
   -7.86277757e-06   5.49970221e-05  -2.24261379e-07  -4.63684623e-05
   -2.19697330e-07  -1.18225623e-06  -5.70566059e-07   8.50067455e-08
   -7.09759434e-07   1.15350374e-07  -7.82525600e-08  -5.74522578e-08
   -9.17915601e-07  -3.86475822e-07  -1.33248366e-06  -2.30984935e-07
    5.99265822e-08  -3.41163731e-08   2.75851168e-09  -3.01206993e-09
   -1.78066097e-07  -8.07575134e-08  -1.27905770e-06  -5.81092989e-07
   -1.28159328e-07  -7.70446691e-07  -1.65287771e-07  -7.61917598e-07
   -2.80922333e-08   4.90923191e-07   1.60439536e-08   3.86191635e-08
    7.76841853e-09  -1.82505071e-06  -3.00961960e-07  -5.34259549e-08
   -1.52002330e-07  -8.35160251e-08  -4.01282614e-07  -6.36770339e-07
   -6.69649550e-08  -2.53337216e-08   1.66906105e-05  -9.54332628e-09
   -1.89100144e-07  -4.06720506e-06]
 [ -1.75847769e+00   2.24226002e+03  -2.38939169e-02  -3.97384259e+02
   -1.48688215e+01  -5.76208072e-01  -2.21706190e-02  -4.61137039e-02
   -1.30318137e-04   2.17000085e-01  -2.79829455e-02  -5.56937700e-02
   -2.82545748e-02  -2.60636274e-04  -3.63935175e-02   3.25667343e-03
    5.77680327e-03   1.78351200e-03   9.79624427e-04   1.78448584e-03
    5.31769512e-04   2.00348690e-03  -5.45758318e-04   9.54064713e-04
   -1.63691019e-02  -5.67529816e-03   2.40337268e-02  -1.57317228e-02
    3.09714375e-04  -7.73133401e-03   4.63935393e-03   7.71032592e-03
   -8.33746595e-05  -5.74548939e-02   1.09911991e-03   4.68322202e-02
    3.30956031e-03  -1.41295774e-03   1.09461846e-02  -1.79137921e-04
    1.10495218e-02  -1.58526473e-02  -5.86379668e-03   1.25943311e-02
    1.85837720e-02   2.12198547e-02   1.79052588e-03  -2.75763989e-02
   -8.69180385e-03   1.10128222e-02   2.04842010e-03   5.44218782e-03
   -3.65238356e-02  -5.09188565e-02   1.99229911e-02   5.07892953e-03
    2.36351136e-02   9.42380195e-03  -7.14197969e-03  -3.71744140e-04
   -6.43317509e-04   4.18549764e-03   1.20674378e-03  -4.37717977e-03
    5.65625271e-05  -2.78281869e-04  -1.23118581e-04   2.91165237e-04
    6.08454806e-05   5.16341818e-04   2.00173016e-04   6.24956491e-04
   -8.82698146e-05  -9.54016313e-05  -8.12734758e-05  -7.97690958e-05
    5.85745460e-04   2.09418864e-04   1.20947108e-05  -3.86243155e-05
    4.95316811e-05  -3.73202072e-07  -1.75317777e-04  -2.10572977e-04
    2.01631317e-04  -2.05238157e-04   4.95272216e-04  -5.02896570e-05
    1.02397970e-04   4.63051714e-03   1.73066993e-04   7.71911884e-05
    2.28917623e-04   3.67406596e-04   1.87399640e-04   9.40443010e-05
    3.49128623e-04   1.82436746e-05  -3.54128367e-04  -3.82680052e-04
   -6.27459981e-05   5.30695059e-05  -7.75990603e-03   3.22453244e-04
    3.18644255e-05   4.65512593e-05]
 [  6.16900296e-01  -5.86155775e+02   1.87167670e-02   3.17233908e+02
    9.20424069e+00   6.08889295e-01   1.28538057e-04  -1.28269808e-03
   -2.11003339e-05  -2.79829455e-02   3.59771691e-02  -1.76145934e-03
   -1.03694105e-03  -4.22006678e-05  -3.97836212e-03  -1.72377883e-03
   -2.62309817e-03  -8.21395502e-04  -3.96106701e-04  -7.50584978e-04
   -1.19144291e-03  -1.02229988e-03   1.73961919e-05  -5.79338797e-05
    1.03355650e-02   2.32277085e-03  -9.43983570e-03   5.04487449e-03
   -1.53731004e-04   4.19729119e-03  -3.73769015e-03  -6.54976170e-03
    1.21338931e-05   3.50783569e-02  -8.29457320e-04  -2.43633145e-02
   -1.93780049e-03  -1.41015677e-03  -6.28177518e-03  -1.89826446e-05
   -1.53235952e-03   1.60603843e-02  -4.93125492e-04  -3.36762697e-03
   -3.59885582e-03  -7.98696494e-03  -4.40989322e-04   7.57858976e-03
   -8.38632986e-05   5.94262310e-03  -3.99747852e-04  -1.37784363e-03
   -3.99946245e-03   3.25813428e-02  -1.29012114e-02  -2.40995320e-03
   -1.30109870e-02  -7.04519634e-03   2.78600516e-03  -5.82765695e-04
    5.29234907e-04  -5.55777124e-03  -4.59667513e-04   6.07096954e-03
   -2.47841753e-07   1.37243072e-04  -3.24362954e-05  -1.61552959e-04
    1.93701517e-04  -1.33287452e-04  -5.18159109e-05  -2.15490549e-04
    3.45238525e-05   4.10521924e-05   1.29745518e-04   6.98899427e-05
   -1.68478270e-04  -6.93336580e-05  -3.01433341e-06   3.03831968e-05
   -1.14085313e-05   1.59643216e-05   2.39402017e-04   7.84412490e-05
   -3.16122211e-05   7.57473272e-05  -1.31985857e-04   7.00470511e-05
   -3.79652891e-05  -1.42369393e-03  -8.61946237e-05  -4.22006678e-05
   -7.71516235e-05  -3.84871152e-05  -5.23921434e-05  -1.75217367e-05
   -2.45877735e-04  -1.17329325e-05   1.04176138e-04   2.24177231e-04
    6.23158295e-05  -1.02680350e-05   9.24597542e-04  -1.30516970e-04
    3.13603898e-05   7.21898293e-04]
 [  6.13407933e-01  -1.14172582e+03   1.72180688e-02   1.22448677e+02
    4.47175955e+00   4.13010002e-01  -1.93934168e-03  -4.72415372e-03
   -2.11344724e-05  -5.56937700e-02  -1.76145934e-03   7.22379977e-02
   -3.00636794e-03  -4.22689447e-05  -5.04950159e-03  -5.98965979e-04
   -1.54976635e-03  -6.38487110e-04  -9.24656442e-05  -3.80514066e-04
    1.03988638e-03  -4.37880391e-04  -3.55903113e-04   7.75512512e-05
    1.82772766e-03   1.07970932e-03  -7.78323410e-04   1.08532110e-03
   -1.53979727e-04   3.37768220e-03  -3.50159212e-03  -3.24963156e-03
    1.78330959e-05   2.36797699e-02  -2.22074729e-04  -1.84238634e-02
   -1.29635485e-03  -5.05678442e-04  -8.53615943e-03  -2.45877172e-05
    6.33373816e-03   4.85045918e-03   1.05021828e-02  -3.45331923e-03
   -4.29254798e-03  -4.21960116e-03  -4.47277164e-04   3.76173328e-03
   -1.22972588e-03   3.34507133e-03  -1.27172115e-03  -2.47608957e-04
   -5.07063606e-03   2.28238967e-02  -7.01445217e-03  -1.33061446e-03
   -1.03678551e-02  -5.08033442e-03   9.69359475e-04  -1.08829984e-04
   -1.81505114e-04  -5.57537240e-03  -4.77172317e-04   6.34287981e-03
   -8.55717783e-06   7.33248704e-05  -2.11793205e-05   4.20180542e-05
    2.34971146e-05  -1.44751197e-04  -4.34855985e-05  -1.73923363e-04
    8.22306331e-05   4.88818563e-06  -1.15614553e-04   1.48105420e-04
   -1.85473934e-04  -1.22504551e-04  -3.01921034e-06  -5.95297103e-06
   -4.48731515e-05   6.06405557e-05   1.64671135e-05   1.93111409e-04
   -2.88235813e-05   2.43477679e-04  -9.58579287e-05   5.91227049e-05
   -4.91754343e-05  -1.02682858e-03  -3.60596248e-05  -1.15573572e-05
   -2.70019938e-05  -2.86549981e-04  -2.72841599e-05  -3.99469040e-05
   -1.59609931e-04   2.23659105e-06   4.14057737e-04  -7.15646223e-05
    4.55445040e-05  -2.14830572e-05   1.50383247e-03  -6.65148633e-05
   -2.08472269e-06  -9.28772753e-05]
 [  7.54964716e-02  -2.37864801e+02  -5.12274128e-04   6.42168225e+00
    6.25971354e-01  -1.92311328e-02  -1.04494406e-03  -2.45706948e-03
   -1.01415226e-05  -2.82545748e-02  -1.03694105e-03  -3.00636794e-03
    3.83122239e-02  -2.02830452e-05  -2.48190204e-03  -8.94665172e-04
   -1.21642516e-03  -2.89442946e-04  -2.07090993e-04  -3.44683136e-04
   -5.91508702e-04  -5.35235163e-04  -3.96160531e-05  -2.52923238e-04
    2.60456217e-03   2.42027352e-03  -5.42137948e-03   3.58809656e-03
   -4.31766487e-05   5.11931116e-04   7.11283332e-04   4.44131506e-04
    6.71271210e-06   2.60048272e-03  -5.17976726e-05  -2.33575409e-03
   -1.02876822e-04  -5.60898350e-04   2.78078712e-03  -1.21067735e-05
   -3.35260517e-03   1.74853379e-03  -8.72204790e-04  -1.62825644e-03
   -2.26814307e-03  -8.37793922e-04  -2.14937226e-04   8.44980694e-03
    2.81900113e-03  -4.03377471e-03   6.69932897e-04  -7.56196207e-04
   -2.49204356e-03   2.12797163e-03   2.52013473e-04  -7.11110930e-04
   -2.27400770e-03   9.38629992e-05   5.11270524e-04   4.36642236e-05
    5.33302622e-04   7.17936308e-04  -2.46467278e-04  -1.04843588e-03
   -2.10007007e-05  -4.68079455e-05   1.86391657e-04  -5.29023062e-05
   -1.14326774e-04  -9.95505721e-05  -3.68367823e-05  -1.45180685e-04
   -1.02864315e-05  -1.15367498e-07  -3.90375849e-06  -3.45562631e-05
   -8.99255114e-05   1.40576953e-06  -1.44878894e-06   1.28096582e-05
    3.80413583e-05  -1.60372752e-05   2.60953237e-04  -1.48044505e-05
   -3.01092995e-05  -2.10302421e-05  -4.66054592e-05  -6.02589077e-06
   -2.42135469e-05  -8.08669737e-04  -1.66825826e-05   1.04285423e-05
   -4.30478032e-05  -1.37853499e-04  -7.57394123e-05  -1.91642953e-05
   -3.11276654e-05   1.61231012e-05  -1.00985883e-04   1.29027829e-04
    7.43036758e-06   5.04925160e-06   1.58556450e-03  -6.16956366e-05
   -1.75866609e-05  -1.25004046e-04]
 [  5.02058933e-04  -5.58803886e+00  -1.21319918e-04  -2.03880378e+00
   -1.03190085e-01  -6.39036540e-03  -2.35472171e-05  -3.64218087e-05
    3.86191635e-08  -2.60636274e-04  -4.22006678e-05  -4.22689447e-05
   -2.02830452e-05   4.30039463e-04  -4.72012482e-06   3.27165295e-07
    1.81777583e-06  -1.76728522e-07   4.60387263e-07   5.93241682e-07
    3.11657668e-05   7.36623031e-07   1.59957089e-05  -2.04415788e-05
   -1.43128970e-04  -2.15115751e-05   2.04114932e-04  -6.50520490e-05
    2.81368191e-07  -2.97085171e-05   2.45264496e-05  -1.14840056e-05
   -6.50562897e-07  -1.91956866e-04   3.03743582e-05   1.43611698e-04
    5.23749670e-07   2.95816290e-05   7.35170007e-05  -2.80922333e-08
   -1.88996508e-05  -1.30570816e-04   1.80812720e-04   3.15838013e-05
    2.23203074e-05   3.82390537e-05   7.44291036e-07  -1.21688303e-04
   -1.28237404e-05  -5.62866357e-05  -1.68821628e-05   1.46437319e-05
   -4.68150566e-06  -2.64465095e-04  -2.07312206e-05   2.53561850e-06
    1.76309267e-04   6.34863308e-05   4.28650997e-05  -1.08304170e-06
    1.49860324e-05   1.78592818e-05  -4.48522758e-07  -3.13137497e-05
   -4.39394661e-07  -2.36451247e-06  -1.14113212e-06   1.70013491e-07
   -1.41951887e-06   2.30700748e-07  -1.56505120e-07  -1.14904516e-07
   -1.83583120e-06  -7.72951644e-07  -2.66496731e-06  -4.61969870e-07
    1.19853164e-07  -6.82327463e-08   5.51702335e-09  -6.02413985e-09
   -3.56132194e-07  -1.61515027e-07  -2.55811540e-06  -1.16218598e-06
   -2.56318657e-07  -1.54089338e-06  -3.30575543e-07  -1.52383520e-06
   -5.61844665e-08   9.81846383e-07   3.20879071e-08   7.72383270e-08
    1.55368371e-08   2.70614861e-05  -6.01923920e-07  -1.06851910e-07
   -3.04004659e-07  -1.67032050e-07  -8.02565227e-07  -1.27354068e-06
   -1.33929910e-07  -5.06674432e-08   2.66963344e-06  -1.90866526e-08
   -3.78200287e-07  -8.13441013e-06]
 [ -1.23263574e-01   9.36454484e+00  -1.53077840e-02  -1.59528177e+02
   -6.38708175e+00  -7.08961288e-01  -2.47218560e-03  -4.27880361e-03
   -2.36006241e-06  -3.63935175e-02  -3.97836212e-03  -5.04950159e-03
   -2.48190204e-03  -4.72012482e-06   5.46613526e-02   2.39754430e-03
    2.88034446e-03   8.91368543e-04   2.77150599e-04   7.16417544e-04
    1.76178790e-03   1.23663366e-03  -4.50953398e-04  -6.83145222e-04
   -9.35450669e-03  -1.45066445e-03   3.09794287e-03  -4.66047754e-03
    1.36363197e-04  -2.09105100e-03   5.29524521e-03   1.47166027e-03
   -4.24290329e-06  -2.42710496e-02   5.52807198e-04   1.70798247e-02
    1.29916773e-03   3.87183268e-03  -4.20717967e-03  -8.82552470e-06
   -6.76197159e-03  -1.27678595e-02  -1.00111212e-03  -9.59937581e-04
   -2.12276754e-03  -1.90430384e-03  -5.60267729e-05  -1.21615725e-02
   -1.44074600e-03  -6.92331302e-03  -1.95177477e-03  -2.39160218e-03
    5.46589926e-02  -2.37021545e-02   5.72510954e-03   1.38981125e-03
    1.44261412e-02   2.95023019e-03  -7.89137699e-04   4.54453771e-04
    4.75926800e-05   3.24712756e-03   4.70219413e-04  -4.21939342e-03
   -1.62324074e-05   1.63311669e-04   7.38715545e-05   6.06604903e-05
   -8.46736247e-05   5.69518208e-05  -1.89329715e-06   9.64110082e-05
   -8.12320721e-05  -1.78481314e-05  -2.45964904e-05  -5.61066714e-05
   -8.23960223e-06   2.34238620e-05  -3.37151773e-07   2.05374557e-05
   -1.07784005e-05  -2.17564493e-05  -2.65361527e-04  -8.80267962e-05
   -3.70474363e-05  -1.58331107e-05  -5.45092936e-05  -6.77564574e-05
    1.30605381e-05   6.05585558e-04   7.66610970e-06  -4.72012482e-06
    8.67756502e-06  -1.12900860e-04   3.31233386e-05   5.64955119e-05
    4.56287303e-05   9.29228996e-06   1.56773606e-04   1.43386372e-04
    7.26937933e-06   1.27233863e-05  -4.12592961e-04   4.05897999e-05
   -4.01413809e-05  -2.12855799e-04]
 [ -1.99733963e-01   2.54290786e+02  -4.88870961e-03  -1.05427347e+02
   -4.04065500e+00  -2.45112126e-01  -1.18507042e-03  -1.31365125e-03
    6.15867576e-05   3.25667343e-03  -1.72377883e-03  -5.98965979e-04
   -8.94665172e-04   3.27165295e-07   2.39754430e-03   2.84431268e-02
   -1.97626250e-04  -1.13677866e-04  -1.85824930e-05  -5.22407440e-05
   -1.34960169e-04  -8.92765045e-05  -9.69189713e-04  -1.32196412e-03
   -8.20674703e-03  -1.13828093e-03  -6.03821904e-03  -3.55734014e-03
    1.19181643e-06  -1.57338708e-03  -5.03282649e-03   2.05231463e-03
   -3.69766418e-05  -1.40361368e-02   3.42893999e-04   9.49458990e-03
    1.28122772e-03   9.02087194e-04  -6.46825007e-04  -3.54109222e-06
    1.83169674e-03  -6.55068407e-03   9.43126117e-04   1.88991667e-03
    2.21080178e-03   5.52110511e-03   1.84000086e-04  -6.60072459e-03
   -5.92112120e-04  -1.11470350e-03  -9.47828665e-04   1.41664148e-03
    2.45913106e-03  -1.22798273e-02   3.43230317e-03   1.20472093e-03
    6.77719637e-03   2.73313080e-03  -1.86752396e-03   3.63602284e-04
   -6.11858947e-04   2.70584899e-03   1.88951954e-04  -2.64654428e-03
   -2.58158793e-05  -8.20542800e-05   1.88591784e-05   8.60107049e-05
   -3.01420939e-05   1.16979351e-04   1.63602670e-05   9.15607437e-05
   -4.90160025e-05  -4.43392536e-05  -1.31149028e-04   1.37798490e-06
    1.13087724e-04   1.67341702e-05   2.33689496e-08  -3.44761642e-06
   -2.20410976e-05  -1.09504419e-05  -8.62964407e-05  -6.65205649e-05
   -1.81962090e-05  -6.13677983e-05   2.58019322e-05  -5.78734440e-05
   -7.08218444e-06   6.59019300e-04   2.40033062e-05   3.27165295e-07
    5.46447869e-05  -1.93497539e-04  -4.36148162e-05   7.79937625e-05
    4.97818695e-05  -1.09738109e-05  -5.81530883e-05  -7.38364389e-05
   -1.08335972e-05  -7.05881549e-06  -1.76282492e-04   7.49434182e-05
    8.57701409e-06  -1.65543116e-04]
 [ -4.53175462e-01   2.57324334e+02  -8.60419071e-03  -1.49185031e+02
   -5.68500548e+00  -4.37978030e-01  -1.50641496e-03  -1.79488136e-03
    3.16204754e-05   5.77680327e-03  -2.62309817e-03  -1.54976635e-03
   -1.21642516e-03   1.81777583e-06   2.88034446e-03  -1.97626250e-04
    3.59301934e-02  -1.13445642e-04  -9.03520857e-06  -3.90256196e-05
   -1.21779420e-04  -7.20799923e-05  -1.22393575e-03  -1.67661209e-03
   -1.07237940e-02  -1.51965006e-03  -7.24841639e-03  -4.70690528e-03
    6.62189768e-06  -2.10003207e-03  -6.18447752e-03   2.18891317e-03
   -4.84278516e-05  -2.15899783e-02   4.62985483e-04   1.68596460e-02
    1.26790965e-03   8.58951888e-04  -5.95223945e-05  -3.97284958e-06
    1.13036765e-03  -8.54618608e-03   6.74127548e-04   3.51324551e-03
    2.01503416e-03   7.03280984e-03   4.44167134e-04  -8.40612531e-03
   -7.85591563e-04  -1.57626901e-04  -1.15025970e-03   1.38756801e-03
    2.91196494e-03  -1.91626244e-02   3.15742023e-03   1.74912528e-03
    1.33966960e-02   3.56480210e-03  -2.70541921e-03   2.85251705e-04
   -6.39183582e-04   3.11476713e-03   2.13767327e-04  -2.97460258e-03
   -3.35229568e-05  -3.12466565e-05  -9.30903104e-05   2.80893747e-05
   -8.54889991e-05   1.21652390e-04   1.37814601e-05   1.21048319e-04
   -1.11845304e-04  -5.79316444e-05  -8.55878847e-05  -6.65437782e-06
    1.15731923e-04   4.65705057e-05   1.29841131e-07   5.79696899e-05
    2.45989153e-06  -1.37363246e-05  -8.40315251e-06  -8.69623871e-05
    8.12067581e-06  -1.19057091e-04   8.19492839e-05  -1.15343924e-04
    2.27658883e-05   7.12322270e-04   8.62665214e-05   1.81777583e-06
    8.58769980e-05  -1.03648537e-04   7.51660567e-06  -1.57615572e-05
    1.98797552e-04   1.68454218e-05   2.02593367e-05  -9.62064976e-05
   -1.30871189e-05   2.28957294e-05  -3.12391482e-04   7.51270194e-05
   -2.87710605e-05  -4.29257206e-04]
 [ -1.60570005e-01   1.46780563e+02  -2.34875442e-03  -4.82926137e+01
   -2.11886232e+00  -1.26821234e-01  -4.68318073e-04  -4.56971823e-04
   -8.83642609e-08   1.78351200e-03  -8.21395502e-04  -6.38487110e-04
   -2.89442946e-04  -1.76728522e-07   8.91368543e-04  -1.13677866e-04
   -1.13445642e-04   1.32384142e-02  -1.19820493e-05  -3.05004328e-05
   -7.38968057e-05  -5.08643430e-05  -4.49010298e-04  -6.10767601e-04
   -3.71792580e-03  -5.08140149e-04  -2.88550722e-03  -1.59791580e-03
   -6.43796758e-07  -7.02493260e-04  -2.37164316e-03   3.80701662e-04
   -1.67258514e-05  -7.19518707e-03   1.84535351e-04   6.18324819e-03
    3.08548795e-04   1.54878924e-04   2.86169416e-04   2.89544251e-05
    2.02669452e-04  -2.88658507e-03   2.89829290e-04   1.00840078e-03
    6.38745591e-04   2.34372411e-03   1.19321902e-04  -2.80050690e-03
   -1.70712401e-04  -2.18241837e-04  -3.84704794e-04   6.51655863e-04
    8.91280179e-04  -6.72978369e-03   1.46730630e-03   6.33171499e-04
    4.55549082e-03   7.65245706e-04  -6.91430640e-04   9.04641975e-05
   -1.90331616e-04   1.47432111e-03   3.85452486e-04  -1.75990618e-03
    1.89668835e-05  -4.20275996e-06  -3.38177833e-05   5.73912881e-05
    4.98467540e-05   1.49387192e-04   2.37839258e-05   4.52931271e-05
   -1.97310595e-05  -2.00886945e-05   1.80890962e-05  -1.35144899e-05
    5.56846196e-05  -7.12963717e-06  -1.26234658e-08  -1.80765622e-06
   -1.01137763e-05  -5.09475856e-06  -6.70043933e-05  -3.01267301e-05
   -8.52071902e-06   1.11547645e-04   4.39651626e-05  -4.02278829e-05
   -3.51432472e-06   4.29031323e-04   2.69952873e-05  -1.76728522e-07
   -3.67842978e-06  -1.02756067e-04  -2.04800220e-05   2.36703146e-05
    4.02614858e-05  -5.08213509e-06  -2.73066960e-05  -3.35148201e-05
    2.55537116e-05   2.71846393e-05  -9.44402494e-04   2.16480594e-05
   -1.00632825e-05   2.44067449e-04]
 [  3.69782011e-03   2.66573280e+02  -8.30124375e-04  -2.31561412e+01
   -8.72090742e-01  -4.26287286e-02  -2.63220101e-04  -2.98582168e-04
    2.30193631e-07   9.79624427e-04  -3.96106701e-04  -9.24656442e-05
   -2.07090993e-04   4.60387263e-07   2.77150599e-04  -1.85824930e-05
   -9.03520857e-06  -1.19820493e-05   5.16030386e-03  -1.76265446e-06
   -1.05396522e-05  -4.55089472e-06  -1.75475851e-04  -2.41396904e-04
   -1.58866604e-03  -2.29560330e-04  -9.85599671e-04  -7.05342562e-04
    1.67712503e-06  -3.17166072e-04  -8.62320595e-04   8.53321057e-05
   -7.18945847e-06  -2.33721395e-03   3.55269148e-04   1.15892106e-03
    2.57668873e-04   4.87212222e-04  -2.78876802e-04  -4.98617657e-07
    1.02995672e-04  -1.30717924e-03   4.94119267e-04   4.68103625e-04
    5.73556666e-04   1.22796135e-03   3.41932717e-04  -1.21813645e-03
   -1.15602744e-04  -4.15350786e-04  -1.94349295e-04   4.39438455e-05
    2.77380793e-04  -2.11866940e-03   1.12852643e-03   4.94245900e-04
    3.89827556e-04   5.23622563e-04  -4.17553045e-04   1.04468612e-04
   -3.15790784e-05   2.86614722e-04   2.65451547e-04  -6.24955802e-04
    2.57743325e-05  -2.70095937e-05  -1.34252576e-05   3.10626292e-05
    7.53942964e-05   1.84982299e-04   2.84540384e-05   3.03450436e-04
    9.83379297e-06  -8.58131144e-06  -3.04563413e-05  -5.40298785e-06
    2.76125172e-04   2.89801953e-05   3.28848045e-08   3.03445090e-05
   -4.10978929e-06  -1.95624023e-06  -2.84947554e-05  -1.28884096e-05
   -3.18366918e-06   1.05382418e-04  -5.28213981e-06  -1.70310837e-05
   -9.97235314e-07   1.96046536e-03  -4.71078442e-07   4.60387263e-07
   -5.69732856e-07   1.94649315e-05   2.31497050e-05   2.13019527e-04
    8.63486594e-05  -1.98912504e-06  -1.00825100e-05  -1.42144929e-05
   -1.79181621e-06  -9.64350509e-07  -3.32595684e-03   5.96535524e-05
   -4.24132851e-06   5.67209674e-05]
 [ -2.17698158e-02   4.56966939e+02  -1.29096259e-03  -4.32110914e+01
   -1.44485585e+00  -7.41914109e-02  -4.77785112e-04  -5.48225950e-04
    2.96620841e-07   1.78448584e-03  -7.50584978e-04  -3.80514066e-04
   -3.44683136e-04   5.93241682e-07   7.16417544e-04  -5.22407440e-05
   -3.90256196e-05  -3.05004328e-05  -1.76265446e-06   1.02173852e-02
   -3.18364981e-05  -1.81865513e-05  -3.47055172e-04  -4.75812109e-04
   -3.06074053e-03  -4.35458657e-04  -2.03446037e-03  -1.34655738e-03
    2.16109470e-06  -6.01741945e-04  -1.74416759e-03   1.17141268e-04
   -1.38279797e-05  -3.98890180e-03   5.81615442e-04   2.45920984e-03
    4.98545240e-04   3.46217986e-04  -4.06470332e-04  -1.09888945e-06
    1.19130241e-04  -2.71014400e-03   9.77507511e-04   1.15921415e-03
    1.43461768e-03   1.90236977e-03   4.34795752e-04  -2.54566005e-03
   -2.54122095e-04  -9.31889071e-04  -3.48878291e-04   4.53913461e-04
    7.16714165e-04  -3.62510133e-03   1.23462877e-03   1.21526320e-03
    5.76249941e-04   1.20534715e-03  -6.06387742e-04   2.13122873e-05
    1.88284069e-04   2.04460706e-04   3.73727624e-04  -7.87784686e-04
   -9.55670004e-06  -2.18912146e-05  -2.64271017e-05   6.09627467e-05
    8.98654408e-05   6.14288652e-05  -4.73455307e-06   5.74689517e-04
   -9.88248921e-06  -1.65342515e-05  -5.93261071e-05   2.00983724e-05
    2.43963885e-04   8.80781999e-05   4.23744058e-08   2.97821957e-05
   -8.03406653e-06  -3.88991005e-06  -5.49729237e-05  -2.48225645e-05
   -6.38430980e-06   2.73202729e-04   1.93413233e-05  -3.28990054e-05
    5.92253961e-05   4.52371314e-03   5.99033865e-05   5.93241682e-07
   -1.64691163e-06   1.33075439e-04  -1.52206449e-05  -4.35318341e-06
    1.71337098e-04  -3.93228445e-06  -2.02941932e-05  -2.74440874e-05
   -3.67803802e-06   2.85561830e-05  -6.39985265e-03   5.68609646e-05
   -8.20356415e-06   2.69260261e-04]
 [  7.72594724e-02   3.34479504e+00  -2.12128356e-03  -7.79327554e+01
   -2.67968572e+00  -1.26463355e-01  -8.96136002e-04  -7.16460621e-04
    3.09386772e-05   5.31769512e-04  -1.19144291e-03   1.03988638e-03
   -5.91508702e-04   3.11657668e-05   1.76178790e-03  -1.34960169e-04
   -1.21779420e-04  -7.38968057e-05  -1.05396522e-05  -3.18364981e-05
